0.488874,0,-0.872359,0,0,1,0,0,0.872359,0,0.488874,0,-0.174072,0,0.222221,1|
0.813884,0,0.581039,0,0,1,0,0,-0.581039,0,0.813884,0,-0.174072,0,0.222221,1|
-0.750762,0,-0.660588,0,0,1,0,0,0.660588,0,-0.750762,0,-0.174072,0,0.222221,1|
-0.750762,0,-0.660588,0,0,1,0,0,0.660588,0,-0.750762,0,0.67148,0,-0.738754,1|
